neuron_network 0
0 0 1
1 0 2
2 0 2
3 0 0
4 0 1
5 0 1
6 0 3
7 0 2
8 0 1
9 0 2
10 0 1
11 0 0
12 0 0
13 0 2
14 0 1
15 0 1
16 0 0
17 0 3
18 0 3
19 0 0
20 0 3
21 0 0
22 0 1
23 0 1
24 0 1
25 0 0
26 0 3
27 0 0
28 0 0
29 0 3
30 0 3
31 0 3
32 0 2
33 0 3
34 0 2
35 0 2
36 0 2
37 0 2
38 0 3
39 0 0
EDGES
0 1
0 39
1 8
2 3
3 21
4 5
5 6
5 10
6 7
6 18
7 8
8 9
9 10
11 12
12 13
13 14
13 32
14 15
15 17
16 17
17 18
17 34
19 20
20 21
21 22
22 23
23 24
24 27
25 26
25 38
26 27
27 28
28 29
29 30
30 31
31 32
33 34
35 36
36 37
37 38
